1993 null
1992 null
97 
50 97 
16 
1978 null
1977 null
1973 null
1972 null
50 97 
60 
12 
35 
61 
61 
50 97 
41 
41 
77 
50 97 
77 
9 46 82 
1937 null
4 61 80 
50 60 97 
35 63 
3 16 86 
4 61 80 
60 
35 63 
4 61 80 
12 58 
3 16 86 
3 16 86 
41 67 
4 61 80 
4 61 80 
60 78 
35 59 63 72 
35 59 63 72 
12 58 
12 58 
12 41 58 67 72 
12 41 58 67 72 
12 41 58 67 72 
3 16 86 
60 65 78 
3 16 86 
35 54 59 63 72 
3 14 16 86 
60 61 65 
4 6 55 56 61 80 90 94 
12 41 58 67 85 
4 6 55 56 61 80 90 94 
3 14 16 86 99 
38 50 60 74 93 94 97 
12 60 61 65 
12 60 61 65 
9 44 46 82 
35 54 59 63 72 84 
60 89 94 
12 33 60 61 65 
12 41 58 67 68 85 
3 14 16 86 99 
26 35 58 77 
38 50 60 93 94 97 
4 6 32 54 55 56 61 80 90 94 
12 31 58 
26 35 58 77 
38 50 60 71 75 90 93 94 97 
26 35 58 77 
12 41 58 67 68 85 
4 6 32 54 55 56 61 80 90 94 
60 89 94 
35 50 54 59 63 72 84 
3 14 15 16 86 99 
3 14 15 16 86 99 
26 35 47 58 77 
12 33 60 61 65 100 
35 50 54 59 63 72 84 
35 50 54 59 63 72 84 
35 50 54 59 63 72 84 
12 31 58 
4 6 32 44 54 55 56 61 74 80 90 94 
3 14 15 16 86 99 
26 35 47 58 74 77 
12 33 60 61 65 100 
19 48 60 73 89 94 
26 35 47 58 74 77 81 92 
1 12 41 58 67 68 85 
3 14 15 16 86 99 
26 35 47 58 74 77 81 92 
31 58 
35 50 54 59 63 72 84 
19 48 60 73 89 94 
31 58 
8 26 35 47 58 74 77 81 92 
35 50 54 59 63 72 73 84 
3 14 15 16 86 96 99 
8 26 35 47 58 74 77 81 92 
8 26 35 47 58 74 77 81 92 
19 48 60 73 89 94 
8 26 35 47 58 74 77 81 92 
19 48 60 73 89 94 
12 33 41 60 61 65 100 
1 12 41 58 60 67 68 85 
38 50 60 71 75 93 94 96 97 
3 14 15 16 86 96 99 
2 6 9 17 41 42 44 46 82 94 95 
19 48 60 73 89 94 
4 6 7 21 32 44 54 55 56 60 61 67 74 80 90 94 
19 48 60 73 89 94 
35 48 50 54 59 63 72 73 84 
3 14 15 16 86 96 99 
31 43 56 58 
31 43 56 58 
3 14 15 16 17 86 96 99 
3 14 15 16 17 86 96 99 
2 6 9 17 41 42 44 46 59 82 94 95 
19 48 60 73 89 94 96 
3 14 15 16 17 86 96 99 
2 6 9 17 41 42 44 46 59 82 94 95 
31 40 43 44 56 58 
35 48 50 54 59 63 65 72 73 84 
2 6 9 17 41 42 44 46 59 82 94 95 
3 14 15 16 17 86 96 99 
8 26 35 47 58 68 74 77 81 92 
12 33 41 60 61 65 100 
2 6 9 17 41 42 44 46 59 82 94 95 
19 35 48 50 54 59 63 65 72 73 84 
38 44 50 60 71 75 93 94 96 97 
19 48 60 73 89 94 96 
38 44 50 60 71 75 93 94 96 97 
8 26 35 47 58 68 74 77 81 92 
38 44 50 60 71 75 93 94 96 97 
12 33 41 60 61 63 65 80 100 
3 14 15 16 17 78 86 96 99 
8 26 35 47 58 68 74 77 81 92 
3 14 15 16 17 36 78 86 96 99 
31 40 43 44 56 58 79 
4 6 7 21 32 40 44 54 55 56 61 67 69 74 79 80 90 94 
1 12 41 58 60 61 67 68 85 
38 44 50 60 71 75 93 94 96 97 
19 35 48 50 54 59 63 65 72 73 84 
2 6 9 17 24 41 42 44 46 59 82 94 95 
1 12 41 58 60 61 67 68 85 
19 23 48 60 65 73 82 89 94 96 
3 14 15 16 17 24 36 78 86 96 99 
38 44 50 52 60 71 75 93 94 96 97 
19 23 48 60 65 73 82 89 94 96 97 
12 17 23 33 41 60 61 63 65 80 100 
31 40 43 44 58 79 
38 44 50 52 60 71 75 93 94 96 97 
19 29 35 43 48 50 54 59 63 65 72 73 84 
8 26 35 40 47 53 58 68 74 77 81 92 
12 17 23 33 41 60 61 63 65 80 100 
2 4 6 9 17 24 41 42 44 46 51 59 82 94 95 
1 12 30 41 56 58 60 61 67 68 83 85 
2 4 6 9 17 24 41 42 44 46 51 56 59 82 94 95 
2 4 6 9 17 24 41 42 44 46 51 56 59 82 94 95 
2 3 14 15 16 17 24 36 78 86 94 96 99 
4 6 7 21 26 27 32 40 44 54 55 56 61 67 74 79 80 84 87 90 94 100 
2 3 14 15 16 17 24 36 78 86 94 96 99 
31 40 43 44 58 79 
2 3 14 15 16 17 24 36 78 86 94 96 99 
8 18 26 29 35 40 47 53 58 68 74 77 81 92 
2 4 6 9 17 24 41 42 44 46 51 56 59 82 94 95 
31 40 43 44 58 79 
31 40 43 44 58 79 
2 4 6 9 17 24 41 42 44 46 51 56 59 82 94 95 
38 44 50 52 60 71 75 93 94 96 97 100 
1 12 16 30 41 46 56 58 60 61 67 68 83 85 
2 4 6 9 17 24 41 42 44 46 51 56 59 82 94 95 
1 12 30 41 46 56 58 60 61 67 68 83 85 
31 40 43 44 58 79 
12 17 23 33 37 41 52 60 61 63 65 80 100 
2 3 14 15 16 17 24 31 36 78 86 96 99 
4 6 7 21 26 27 32 40 44 54 55 56 61 67 74 79 80 84 87 90 94 100 
1 12 30 40 41 46 56 58 60 61 67 68 83 85 
2 3 14 15 16 17 24 31 36 67 78 86 96 99 
2 3 14 15 16 17 24 31 36 67 78 86 96 99 
2 4 6 9 17 24 41 42 44 46 51 56 59 82 94 95 
3 8 18 26 29 30 35 40 47 53 58 63 68 74 77 81 92 95 
12 17 23 33 37 38 41 52 60 61 63 65 71 80 100 
2 4 6 9 17 24 41 42 44 46 51 56 59 82 94 95 
31 40 43 44 58 61 79 
2 3 14 15 16 17 24 31 35 36 67 78 86 96 99 
4 6 7 21 26 27 32 40 44 54 55 56 61 74 79 80 84 87 90 94 100 
12 17 23 33 37 38 41 52 56 60 61 63 65 71 80 100 
2 4 6 9 17 24 41 42 44 46 51 56 59 82 94 95 99 
38 44 50 52 60 71 72 75 86 93 94 96 97 100 
4 6 7 21 26 27 32 40 44 54 55 56 61 74 79 80 84 87 90 94 100 
2 3 14 15 16 17 24 31 35 36 67 78 86 96 99 
2 3 14 15 16 17 24 31 35 36 67 78 86 96 99 
2 3 14 15 16 17 24 31 35 36 67 78 86 96 99 
9 19 20 29 35 43 48 50 54 58 59 63 65 70 72 73 84 87 
12 17 23 37 38 41 52 56 60 61 63 65 71 80 100 
9 19 20 29 35 43 48 50 54 58 59 63 65 70 72 73 84 87 
19 23 37 48 59 60 65 69 73 82 89 94 96 97 
4 6 7 21 26 27 32 40 44 54 55 56 61 74 79 80 84 87 90 94 100 
31 36 40 43 44 58 61 79 
9 19 20 29 35 43 48 50 54 58 59 63 65 70 72 73 84 87 90 
2 4 6 9 17 24 41 42 43 44 46 51 56 59 81 82 94 95 99 
38 44 50 52 60 71 72 75 86 93 94 96 97 100 
2 4 6 9 17 24 41 42 43 44 46 51 56 59 81 82 94 95 99 
4 6 7 21 26 27 32 40 44 54 55 56 61 74 79 80 84 87 90 94 100 
9 19 20 29 35 43 48 50 54 58 59 63 65 70 72 73 84 87 90 
2 4 6 9 17 24 41 42 43 44 46 51 56 59 81 82 94 95 99 
2 4 6 9 17 24 41 42 43 44 46 51 56 59 79 81 82 94 95 99 
9 19 20 29 35 43 48 50 54 58 59 63 65 70 72 73 84 87 90 
2 3 14 15 16 17 24 31 35 36 59 67 78 86 96 99 
3 8 18 25 26 29 30 35 40 46 47 53 58 63 68 77 81 92 95 
9 19 20 29 35 43 48 50 54 58 59 63 65 66 70 72 73 84 87 90 
38 44 50 52 60 71 72 75 86 93 94 96 97 100 
27 31 36 40 43 44 58 61 66 79 87 
2 3 14 15 16 17 24 31 35 36 59 67 78 86 96 99 
12 17 23 37 38 41 47 52 60 61 63 65 71 80 99 100 
38 44 50 52 60 71 72 75 86 93 94 96 97 98 100 
12 17 23 37 38 41 47 52 60 61 63 65 71 80 99 100 
12 17 23 37 38 41 47 52 60 61 63 65 71 80 99 100 
1 12 22 30 40 41 46 56 58 60 61 67 68 79 83 85 
12 17 23 37 38 41 47 52 60 61 63 65 71 80 99 100 
1 12 22 30 40 41 46 56 58 60 61 67 68 79 83 85 
2 3 14 15 16 17 24 31 35 36 59 67 78 86 96 99 
4 6 7 21 26 27 32 40 44 54 55 56 61 74 79 80 84 87 90 94 98 100 
2 4 6 9 17 24 41 42 43 44 46 48 51 56 59 79 81 82 94 95 99 
2 3 14 15 16 17 24 31 35 36 59 67 78 86 96 99 
12 17 23 37 41 47 52 60 61 63 65 71 80 99 100 
1 12 16 21 22 30 40 41 46 56 58 60 61 67 68 79 83 85 
2 4 6 9 17 24 41 42 43 44 46 48 51 56 59 79 81 82 94 95 99 
4 6 7 19 21 26 27 32 40 44 54 55 56 61 74 75 79 80 81 84 87 90 94 98 100 
38 41 44 48 50 52 60 71 72 75 86 93 94 96 97 98 100 
3 8 18 25 26 29 30 35 40 46 47 58 63 68 77 81 92 95 
1 12 16 21 22 30 40 41 46 56 58 60 61 67 68 79 83 85 
1 12 16 21 22 30 40 41 46 56 58 60 61 67 68 79 83 85 
2 3 14 15 16 17 24 31 35 36 59 67 78 86 96 99 
38 41 44 48 50 52 60 71 72 75 86 93 94 96 97 98 100 
2 19 23 25 43 48 59 60 65 68 69 73 89 94 96 97 
2 19 23 25 43 48 59 60 65 68 69 73 89 94 96 97 
2 3 14 15 16 17 24 31 35 36 59 67 78 86 96 99 
9 19 20 29 33 35 43 48 50 54 58 59 63 65 66 70 71 72 73 84 87 90 
9 19 20 29 33 35 43 48 50 54 58 59 63 65 66 70 71 72 73 84 87 90 
2 4 6 9 17 24 41 42 43 44 46 51 56 59 79 81 82 94 95 99 
3 8 18 25 26 29 30 35 40 46 47 58 63 68 77 81 92 95 
2 19 23 25 43 48 59 60 65 68 69 73 89 94 96 97 
2 9 12 13 17 23 37 41 44 47 52 60 61 63 65 71 80 98 99 100 
2 4 6 9 17 24 41 42 43 44 46 51 56 59 79 81 82 94 95 99 
9 19 20 29 33 35 43 48 50 54 58 59 63 65 66 70 71 72 73 84 87 90 
2 9 12 13 17 23 37 41 44 47 52 60 61 63 65 71 80 98 99 100 
2 4 6 9 17 24 41 42 43 44 46 51 56 59 79 81 82 94 95 99 
2 4 6 9 17 24 41 42 43 44 46 51 56 59 79 81 82 94 95 99 
1 3 12 13 16 21 22 26 30 40 41 46 56 58 60 61 67 68 79 81 83 85 89 
2 4 6 9 17 24 41 42 43 44 46 51 56 59 79 81 82 94 95 99 
4 6 7 19 21 23 26 27 32 40 44 46 54 55 56 61 74 75 79 80 81 84 87 90 94 98 100 
3 8 18 25 26 29 30 35 40 46 47 52 58 63 68 77 81 92 95 
32 38 41 44 48 50 52 60 71 72 75 86 93 94 96 97 98 100 
6 27 31 36 40 43 44 58 61 66 74 79 86 
2 3 14 15 16 24 31 33 35 36 48 59 67 78 86 96 99 
3 8 18 25 26 29 30 35 40 46 47 52 58 63 68 77 81 92 95 
2 19 20 23 25 30 43 48 59 60 65 68 69 89 94 96 97 
1 3 12 13 16 21 22 26 30 40 41 46 56 58 60 61 67 68 79 81 83 85 89 
6 27 29 31 36 40 43 44 58 61 66 74 79 86 
4 6 7 19 21 23 26 27 32 40 44 46 54 55 56 61 74 75 79 80 81 84 87 90 94 98 100 
6 27 29 31 36 40 43 44 58 61 66 74 79 86 
6 27 29 31 36 40 43 44 58 61 66 74 79 86 
2 9 12 13 17 23 37 41 44 47 52 60 61 63 65 71 80 84 98 99 100 
2 3 14 15 16 24 31 33 35 36 48 59 67 78 86 96 99 
1 3 12 13 16 21 22 26 30 40 41 46 56 58 60 61 67 68 79 81 83 85 89 
1 3 12 13 16 21 22 26 30 40 41 46 56 58 60 61 67 68 79 81 83 85 89 90 
2 19 20 23 25 30 43 48 50 56 59 60 65 68 69 89 94 96 97 
3 8 18 25 26 29 30 35 40 46 47 52 58 68 77 81 92 95 
2 19 20 23 25 30 43 48 50 56 59 60 65 68 69 89 94 96 97 
32 38 41 44 48 50 52 60 71 72 75 86 93 94 96 97 98 100 
2 4 6 9 17 24 25 29 41 42 43 46 51 56 59 79 80 81 82 94 95 99 
2 19 20 23 25 30 43 48 50 56 59 60 65 68 69 89 94 96 97 
2 4 6 9 17 24 25 29 41 42 43 46 51 56 59 79 80 81 82 94 95 99 
9 18 19 20 29 33 35 37 43 48 50 54 58 59 63 65 66 70 71 72 73 84 87 90 
32 38 41 44 48 50 52 60 71 72 75 86 93 94 96 97 98 100 
2 3 14 15 16 24 31 32 33 35 36 48 59 67 78 86 92 93 94 96 99 
1 2 9 12 13 17 23 34 37 41 44 47 52 60 61 63 65 71 80 84 98 99 100 
4 6 7 19 21 23 26 27 32 40 44 46 54 55 56 61 74 75 79 80 81 84 86 87 90 94 98 100 
2 4 6 9 17 24 25 29 41 42 43 46 51 56 59 79 80 81 82 94 95 99 
2 19 20 23 25 30 43 48 50 56 59 60 65 68 69 84 89 94 96 97 
4 6 7 19 21 23 26 27 32 40 44 46 54 55 56 61 74 75 79 80 81 84 86 87 90 94 98 100 
1 3 12 13 16 21 22 26 30 40 41 46 52 56 58 60 61 67 68 79 81 83 85 89 90 95 
2 19 20 23 25 30 43 48 50 56 59 60 65 68 69 84 89 94 96 97 
2 3 14 15 16 24 31 32 33 35 36 48 59 67 78 86 92 93 94 96 99 
1 3 12 13 16 21 22 26 30 40 41 46 52 56 58 60 61 67 68 79 80 81 83 85 89 90 95 
2 3 14 15 16 24 31 32 33 35 36 48 59 67 78 86 92 93 94 96 99 
1 2 4 6 9 17 24 25 29 41 42 43 46 48 51 56 59 79 80 81 82 94 95 99 
2 3 14 15 16 24 31 32 33 35 36 48 59 67 78 86 92 93 94 96 99 
2 19 20 23 25 30 43 48 50 56 59 60 65 68 69 84 89 94 96 97 
1 2 6 9 12 13 17 23 34 37 41 44 47 60 63 65 71 80 84 98 99 100 
1 2 4 6 9 17 24 25 29 41 42 43 46 48 51 56 59 79 80 81 82 94 95 99 
4 6 7 19 21 23 26 27 32 40 44 46 54 55 56 61 74 75 79 80 81 84 86 87 90 94 98 100 
1 3 12 13 16 21 22 26 30 40 41 46 52 56 58 60 61 67 68 79 80 81 83 85 89 90 95 
2 19 20 23 25 30 43 48 50 56 59 60 65 68 69 84 89 94 96 97 
1 2 4 6 9 17 24 25 29 41 42 43 46 48 51 56 59 79 80 81 82 94 95 99 
4 6 7 19 21 23 26 27 32 40 44 46 54 55 56 61 74 75 79 80 81 84 86 87 90 94 98 100 
2 3 14 15 16 24 31 32 33 35 36 42 48 59 67 78 86 93 94 96 99 
6 17 27 29 31 36 40 43 44 57 58 61 65 66 74 79 80 86 
1 3 12 13 16 21 22 26 30 40 41 46 52 56 58 60 61 67 68 79 80 81 83 85 89 90 95 
1 2 4 6 9 17 24 25 29 41 42 43 46 48 51 56 59 79 80 81 82 94 95 
