1999 null
1998 null
1996 null
1994 null
40 54 
1985 null
1984 null
1983 null
55 
1975 null
1973 null
40 54 
1969 null
55 
55 
62 83 97 
62 83 97 
33 81 
18 33 81 
17 
49 96 
11 29 30 
11 29 30 
40 54 
18 33 81 
17 
18 33 34 81 
9 40 
24 26 
62 68 83 97 
68 90 
40 49 54 
68 90 
49 96 
49 96 
3 27 55 
9 40 
7 11 29 30 41 49 55 
49 96 
24 26 30 51 73 
48 62 83 97 
18 33 34 81 
13 17 
48 62 83 97 
40 49 54 88 
40 49 54 88 
18 33 34 81 
48 62 83 97 
13 17 
68 90 92 
18 33 34 81 
13 17 
48 49 62 83 97 
7 11 29 30 41 49 55 
3 22 27 55 
47 49 59 61 62 74 80 96 
30 40 49 54 64 88 
48 49 62 83 97 
48 49 62 63 83 97 
30 40 49 54 64 88 
48 49 62 63 83 97 
48 49 52 62 63 83 97 
3 6 22 27 55 
47 49 59 61 62 74 80 94 96 
15 30 40 49 54 64 88 
3 6 22 27 55 
3 6 22 27 55 
9 40 60 76 78 
15 30 40 46 49 54 64 88 
7 11 29 30 41 49 
24 26 30 32 38 46 51 58 64 73 86 
21 44 48 49 52 62 63 83 90 97 
40 47 49 59 61 62 74 80 94 96 
18 33 34 42 53 60 81 85 
9 40 60 76 78 
3 6 22 27 55 67 82 
21 44 48 49 52 62 63 83 90 97 
21 28 44 48 49 52 62 63 83 90 97 
13 17 33 82 89 
13 17 33 82 89 
18 33 34 42 53 60 81 85 
7 68 82 90 92 
15 30 40 46 49 54 64 88 
40 47 49 59 61 62 74 80 94 96 
3 6 22 27 52 55 67 82 
13 17 33 82 89 
15 30 40 46 49 54 64 88 
18 33 34 42 53 60 81 85 
3 6 22 27 52 53 55 67 82 
9 40 60 76 78 
40 47 49 59 61 62 74 78 80 94 96 
68 82 90 92 
13 15 33 82 89 
15 30 40 46 49 54 64 88 
68 82 90 92 
15 30 40 46 49 54 64 88 
40 47 49 59 61 62 74 78 80 94 96 
15 30 40 46 49 54 64 88 
21 28 44 48 49 52 62 63 83 90 97 
7 20 29 30 41 49 
9 18 40 60 76 78 
9 18 40 60 76 78 
21 28 40 44 48 49 52 62 63 83 90 97 
21 28 40 44 48 49 52 62 63 83 90 97 
18 33 34 42 53 54 60 81 85 
18 33 34 42 53 54 60 81 85 
7 20 29 30 41 49 
3 6 22 27 52 53 55 67 82 85 
10 13 15 33 72 82 89 
10 13 15 33 72 82 89 
9 18 40 59 60 76 78 
3 6 22 27 47 52 53 55 67 82 85 
7 20 29 30 41 49 58 
3 6 22 27 47 52 53 55 67 82 85 92 
21 28 40 44 48 49 52 62 63 83 88 90 97 
9 68 82 90 
3 6 22 27 47 52 53 55 67 82 85 92 
7 20 29 30 41 49 58 81 
9 18 36 40 59 60 76 78 
24 26 30 32 38 46 51 58 64 73 83 86 95 
24 26 30 32 38 46 51 58 64 73 83 86 95 
6 20 40 47 49 59 61 62 74 78 80 94 96 
7 20 29 30 41 49 58 81 83 
24 26 30 32 38 46 51 58 64 73 83 86 95 
15 30 40 46 49 54 64 71 88 
6 20 40 47 49 59 61 62 74 78 80 94 96 
10 13 15 33 69 72 82 89 
3 6 22 27 47 52 53 55 67 82 85 92 
6 20 35 40 47 49 59 61 62 74 78 80 94 96 
3 6 22 27 47 52 53 55 67 82 85 92 
21 28 40 44 48 49 52 62 63 79 83 88 90 97 
3 6 22 27 46 47 52 53 55 67 82 85 92 
7 20 29 30 41 49 58 69 79 81 83 
3 6 22 27 46 47 52 53 55 67 82 85 92 
21 28 40 44 48 49 52 62 63 79 83 88 90 97 100 
3 6 22 27 46 47 52 53 55 67 82 85 92 
3 6 22 27 46 47 52 53 55 67 82 85 92 
6 20 35 40 47 49 59 61 62 74 78 80 94 96 
15 30 36 40 46 49 54 64 71 73 88 
6 20 35 40 47 49 59 61 62 74 78 80 94 96 
18 21 33 34 42 53 54 56 60 61 81 85 
24 26 30 32 38 46 51 58 64 73 83 86 95 96 
24 26 30 32 38 46 51 58 64 73 83 86 95 96 
18 21 33 34 42 53 54 56 60 61 81 85 
15 30 36 40 46 49 54 64 71 73 88 
9 18 36 40 59 60 76 78 100 
7 20 29 30 41 49 58 69 79 81 83 
6 20 35 40 47 49 59 61 62 74 77 78 80 94 96 
7 20 29 30 41 49 58 69 79 81 83 95 
6 9 18 36 40 59 60 76 78 100 
3 10 13 15 23 32 33 36 59 69 72 75 82 89 
9 15 30 36 40 46 49 54 64 73 88 
3 6 17 22 23 27 46 47 52 53 55 67 82 85 92 
18 21 33 34 42 47 53 54 56 60 61 81 85 88 
6 20 35 39 40 47 49 59 61 62 74 77 78 80 94 96 
6 9 18 40 59 60 76 78 100 
3 10 13 15 23 32 33 36 59 69 72 75 82 89 98 
9 15 30 36 40 46 49 54 64 73 88 
6 9 18 40 59 60 76 78 100 
6 9 11 14 39 45 68 82 90 
4 7 20 29 30 37 41 49 58 66 69 75 79 83 95 
24 26 30 32 38 46 47 51 58 64 73 83 86 95 96 
24 26 30 32 38 46 47 51 58 64 73 83 86 95 96 
3 10 13 15 23 32 33 36 59 69 72 75 82 89 98 
4 7 20 29 30 37 41 49 58 66 69 75 79 83 95 
8 21 26 28 40 43 44 48 49 52 63 79 83 88 90 97 100 
6 9 11 14 39 45 68 82 90 
24 26 30 32 38 46 47 51 58 64 73 83 86 95 96 
18 21 33 34 42 47 53 54 56 60 61 62 81 85 88 
3 6 17 22 23 27 46 47 52 53 55 67 82 85 92 
18 21 33 34 42 47 53 54 56 60 61 62 81 85 88 
6 20 35 39 40 47 49 58 59 61 62 74 77 78 80 94 96 
9 15 30 36 40 46 49 54 64 65 73 82 88 
3 6 17 22 23 27 46 47 52 53 55 67 82 85 92 
3 6 17 22 23 27 46 47 52 53 55 67 82 85 92 
6 9 11 14 39 45 62 68 82 89 90 91 
6 20 27 35 39 40 47 49 58 59 61 62 74 77 78 80 94 96 
3 10 13 15 23 32 33 36 59 69 72 75 82 89 98 
18 21 33 34 42 47 53 54 56 60 61 62 81 85 88 
8 21 26 28 40 43 44 48 49 52 63 79 83 88 90 97 100 
9 15 30 36 40 46 49 54 65 73 82 88 
8 21 26 28 40 43 44 48 49 52 63 79 83 88 90 97 100 
6 20 27 35 39 40 47 49 58 59 61 62 74 77 78 80 94 96 
9 15 30 36 40 46 49 54 65 73 82 88 
6 20 27 35 39 40 47 49 58 59 61 62 74 77 78 80 94 96 
3 6 17 22 23 27 46 47 52 53 55 67 82 85 90 92 
6 9 15 30 36 40 46 49 54 65 73 82 88 
3 10 13 15 23 32 33 36 59 69 72 75 82 83 89 98 
8 21 26 28 40 43 48 49 52 63 79 83 88 90 97 100 
6 9 15 30 36 40 46 49 54 65 73 82 88 
8 21 26 28 40 43 48 49 52 63 79 83 88 90 97 100 
3 10 13 15 23 32 33 34 36 59 69 72 75 82 83 89 98 
6 9 11 14 28 39 45 62 68 82 89 90 91 
11 24 26 30 32 38 46 47 51 58 64 73 83 86 95 96 
6 9 11 14 28 39 45 62 68 82 89 90 91 
11 24 26 30 32 38 46 47 51 58 60 64 73 83 86 95 96 
6 9 11 14 28 39 45 62 68 71 82 89 90 91 
6 9 11 14 28 39 45 62 68 71 82 89 90 91 
4 7 20 27 29 30 37 39 41 49 50 56 58 66 69 79 83 87 95 
3 6 17 22 23 27 38 47 48 52 53 55 67 82 85 90 92 
6 9 11 14 28 39 45 62 66 68 71 82 89 90 91 
6 20 21 27 35 39 40 46 47 49 52 58 59 61 62 74 77 78 80 94 96 
11 24 26 30 32 38 46 47 51 58 60 64 73 83 86 95 96 
18 21 28 33 34 39 42 47 51 53 54 56 60 61 62 68 72 81 85 88 
3 10 13 15 23 32 33 34 36 59 69 72 75 82 83 89 98 
8 21 26 28 40 43 48 49 52 63 79 83 88 90 97 100 
3 10 13 15 23 32 33 34 36 59 69 72 75 82 83 89 98 
6 9 15 30 36 40 46 49 54 65 73 82 88 
3 10 13 15 23 32 33 34 36 59 69 72 75 82 83 89 98 
18 21 28 33 34 39 42 47 51 53 54 56 60 61 68 72 81 85 88 
6 9 11 14 28 39 45 62 66 68 71 82 89 90 91 
6 9 15 30 36 40 46 49 54 65 73 82 88 
3 6 17 22 23 27 38 47 48 52 53 55 67 82 85 90 92 
8 21 26 28 40 43 48 49 52 63 79 83 88 90 97 100 
6 20 21 27 35 39 40 46 47 49 51 52 58 59 61 62 74 77 78 80 94 96 
3 6 17 22 23 27 38 47 48 52 53 55 67 78 82 85 90 92 
6 9 11 12 14 28 39 45 46 62 66 68 71 82 89 90 91 
3 10 13 15 23 32 33 34 36 59 69 72 75 82 83 89 98 99 
6 9 18 40 46 47 50 59 60 76 78 79 90 100 
11 24 26 30 32 38 46 47 50 51 58 60 64 73 83 86 95 96 
6 9 18 40 46 47 50 59 60 76 78 79 90 100 
3 10 13 14 15 23 32 33 34 36 38 59 69 72 75 82 83 89 98 99 
6 9 11 12 14 28 39 45 46 62 66 68 71 82 89 90 91 
11 24 26 30 32 38 46 47 50 51 58 60 64 73 83 86 95 96 
4 7 20 22 27 29 30 37 39 41 49 50 56 58 66 69 79 83 87 95 98 
6 9 15 29 30 36 40 46 49 54 63 65 66 73 82 88 
4 7 20 22 27 29 30 37 39 41 49 50 56 58 66 69 79 83 87 95 98 
3 10 13 14 15 23 32 33 34 36 38 59 69 72 75 82 83 89 98 99 
8 21 26 28 40 43 48 49 52 63 79 83 88 90 97 100 
6 9 11 12 14 28 39 45 46 62 66 68 71 82 89 90 91 
8 21 26 28 40 43 48 49 52 63 79 83 88 90 97 100 
6 9 11 12 14 28 39 45 46 62 66 68 71 82 89 90 91 
6 9 18 40 46 47 50 59 60 76 78 79 90 100 
6 9 15 29 30 36 40 46 49 54 63 65 66 73 82 88 
6 9 15 29 30 36 40 46 49 54 63 65 66 67 73 82 88 
6 9 15 29 30 36 40 46 49 54 63 65 66 67 73 82 88 
4 5 7 20 22 27 29 30 37 39 41 49 50 56 58 66 69 79 83 87 95 98 
6 7 13 20 21 27 35 39 40 46 47 49 51 52 53 58 59 61 62 74 77 78 80 94 96 
4 5 7 20 22 27 29 30 37 39 41 49 50 56 58 66 69 79 83 87 95 98 
3 10 13 14 15 23 32 33 34 36 38 59 65 69 72 75 82 83 89 98 99 
6 9 18 40 46 47 50 58 59 60 75 76 78 79 85 90 100 
3 10 13 14 15 23 32 33 34 36 38 59 65 69 72 75 82 83 89 98 99 
18 21 28 33 39 40 42 51 53 54 56 60 61 68 72 81 85 88 
6 7 13 20 21 27 35 39 40 46 47 49 51 52 53 58 59 61 62 74 77 78 80 94 96 
4 5 7 9 20 22 29 30 36 37 39 41 49 50 56 58 66 69 79 83 87 95 98 
8 19 21 26 28 40 43 48 49 52 63 79 83 88 90 97 100 
11 13 17 23 24 26 30 32 38 46 47 50 51 52 58 64 73 75 83 86 95 96 
4 5 7 9 20 22 29 30 36 37 39 41 49 50 56 58 66 69 79 83 87 95 98 
11 13 17 23 24 26 30 32 38 46 47 50 51 52 58 64 73 75 83 86 95 96 
6 9 15 29 30 36 40 46 49 54 63 64 65 66 67 73 82 88 
6 7 11 13 20 21 27 35 39 40 46 47 51 52 53 58 59 61 62 74 77 78 80 91 94 96 
6 7 11 13 20 21 27 35 39 40 46 47 51 52 53 58 59 61 62 74 77 78 80 91 94 96 
8 19 21 26 28 40 43 48 49 52 63 79 83 88 90 97 100 
6 9 11 12 14 16 28 39 45 46 62 66 68 71 74 82 89 90 91 
6 7 11 13 20 21 27 35 39 40 46 47 51 52 53 58 59 61 62 74 77 78 80 91 94 96 
18 21 28 33 39 42 51 53 54 56 60 61 68 72 81 85 88 95 96 
3 6 9 17 22 23 38 47 48 52 53 55 61 67 78 82 85 92 
6 9 15 29 30 36 40 46 49 54 63 64 65 66 67 73 82 88 
6 9 11 12 14 16 28 39 45 46 62 66 68 71 74 82 89 90 91 
18 21 28 33 39 42 51 53 54 56 60 61 68 72 81 85 88 95 96 
4 5 7 9 20 22 29 30 36 37 39 41 49 50 56 58 66 69 83 87 95 98 
3 6 9 17 22 23 38 47 48 52 53 55 61 67 78 82 85 92 
3 6 9 18 40 46 47 50 51 58 59 60 75 76 78 79 85 90 100 
3 6 9 17 22 23 38 47 48 52 53 55 61 67 78 82 85 92 
6 7 11 13 20 21 27 35 39 40 46 47 51 52 53 58 59 61 62 74 77 78 80 91 94 96 
3 11 13 17 23 24 26 30 32 38 39 46 47 50 51 52 58 64 73 75 83 86 95 96 
3 5 6 9 15 18 40 46 47 50 51 58 59 60 66 75 76 78 79 85 90 100 
8 19 21 26 28 40 48 49 52 63 79 83 88 90 97 100 
3 6 9 17 22 23 38 47 48 52 53 55 56 61 67 78 82 85 89 92 
6 9 15 28 29 30 36 40 46 49 54 63 65 66 67 73 82 88 
3 11 13 17 23 24 26 30 32 38 39 46 47 50 51 52 58 64 73 75 83 86 95 96 
6 7 11 13 17 20 21 27 37 39 40 46 47 51 52 53 58 59 61 62 74 77 78 80 88 91 94 96 
3 6 9 17 22 23 38 47 48 52 53 55 56 61 67 78 82 85 89 92 
6 7 11 13 17 20 21 27 37 39 40 46 47 51 52 53 58 59 61 62 74 77 78 80 88 91 94 96 
3 10 13 14 23 26 32 33 34 36 38 59 64 69 72 82 83 89 98 99 
3 11 13 17 23 24 26 30 32 38 39 46 47 50 51 52 58 64 73 75 83 86 95 96 
3 11 13 17 23 24 26 30 32 38 39 46 47 50 51 52 58 64 73 75 83 86 95 96 
8 19 21 26 28 40 48 49 52 63 79 83 88 90 97 100 
6 7 11 13 17 20 21 27 37 39 40 46 47 51 52 53 58 59 61 62 74 77 78 80 88 91 94 96 
3 6 9 17 22 23 38 47 48 52 53 55 56 61 67 78 82 85 89 92 
6 7 11 13 17 20 21 27 37 39 40 46 47 51 52 53 56 58 59 61 62 74 77 78 80 88 91 94 96 
4 5 7 9 20 22 29 30 32 36 37 39 41 49 50 56 58 66 69 83 87 95 98 
6 7 11 13 17 20 21 27 37 39 40 46 47 51 52 53 56 58 59 61 62 74 77 78 80 88 91 94 96 
3 5 6 9 15 18 40 46 47 50 51 58 59 60 66 75 76 78 79 85 90 100 
3 11 13 17 23 24 26 28 30 32 38 39 46 47 50 51 52 58 64 73 75 83 86 95 96 
18 21 28 33 39 42 51 53 54 56 60 61 68 72 81 85 88 95 96 
6 7 11 13 17 20 21 27 37 39 40 43 46 47 51 52 53 56 58 59 61 62 74 77 78 80 88 91 94 96 
3 6 9 17 22 23 38 47 48 52 53 55 56 61 67 78 82 85 89 91 92 
6 9 10 15 16 21 28 30 36 40 46 49 54 63 65 66 67 73 82 84 88 95 
3 11 13 17 23 24 26 28 30 32 38 39 46 47 50 51 52 58 64 73 75 83 86 95 96 
3 6 9 17 22 23 38 47 48 52 53 55 56 61 67 78 82 85 89 91 92 
8 19 21 26 28 40 48 49 52 63 79 83 88 90 97 100 
8 19 21 26 28 40 48 49 52 63 79 83 85 88 90 97 100 
4 5 7 9 20 22 29 30 32 36 37 39 41 49 50 56 58 66 69 83 87 89 95 98 
4 5 7 9 20 22 29 30 32 36 37 39 41 49 50 56 58 66 69 83 87 89 95 98 
3 5 6 9 15 16 18 40 46 47 50 51 58 59 60 66 75 76 78 79 85 90 100 
8 13 19 21 26 28 40 48 49 52 63 79 83 85 88 90 97 100 
4 5 7 9 20 22 29 30 32 36 37 39 41 49 50 56 58 66 69 83 87 89 95 98 
3 6 9 17 22 23 38 41 47 48 52 53 55 56 61 67 78 82 85 89 91 92 
3 6 9 17 22 23 34 38 41 47 48 52 53 55 56 61 67 78 82 85 89 91 92 
3 11 13 17 23 24 26 28 30 32 38 39 46 47 50 51 52 58 64 73 75 83 86 93 95 96 
3 6 9 17 22 23 34 38 41 47 48 52 53 55 56 61 67 78 82 85 89 91 92 
18 21 28 33 39 42 45 51 53 54 56 60 61 68 72 81 85 88 95 96 
3 10 13 14 23 26 32 33 34 36 37 38 52 59 62 64 69 72 82 83 89 98 99 
18 21 28 33 39 42 45 51 53 54 56 60 61 68 72 81 85 88 95 96 
6 7 11 13 17 20 21 27 37 39 40 46 47 51 52 53 56 58 59 61 62 74 77 78 80 88 91 94 96 
6 9 10 15 16 21 28 30 36 40 47 49 54 63 65 66 67 73 79 82 83 84 88 95 
3 6 9 17 22 23 34 38 41 47 48 52 53 55 56 61 67 78 82 85 89 91 92 
3 10 13 14 23 26 32 33 34 36 37 38 52 59 62 64 69 72 82 83 89 98 99 
4 5 7 9 20 22 29 30 32 36 37 39 41 49 50 56 58 59 66 69 83 87 89 95 98 
18 21 28 33 39 42 45 51 53 54 56 60 61 68 72 81 85 88 95 96 
3 10 13 14 23 26 32 33 34 36 37 38 52 59 62 64 69 72 82 83 89 98 99 
3 5 6 9 15 16 18 40 46 47 50 51 58 59 60 61 66 75 76 78 79 85 100 
3 10 13 14 23 26 32 33 34 36 37 38 52 59 62 64 69 72 82 83 89 98 99 
3 6 9 17 22 23 34 38 41 47 48 52 53 55 56 61 67 78 82 85 89 91 92 
3 6 9 17 22 23 34 38 41 47 48 52 53 55 56 61 67 78 82 85 89 91 92 
6 9 11 12 14 16 28 39 40 46 62 66 68 70 71 74 82 88 89 90 91 
4 5 7 9 20 22 29 30 32 36 37 39 41 49 50 56 58 59 66 69 83 87 89 95 98 
3 10 13 14 23 26 32 33 34 36 37 38 52 59 62 64 69 72 82 83 89 98 99 
3 5 6 9 15 16 18 40 46 47 50 51 58 59 60 61 66 75 76 78 79 85 100 
2 6 7 11 13 17 20 21 27 37 39 40 46 47 51 52 53 56 58 59 61 62 74 77 78 80 88 91 94 96 
3 11 13 17 23 24 26 28 30 32 38 39 46 47 50 51 52 53 58 64 73 75 83 86 93 95 96 
6 9 10 15 16 21 28 30 36 40 47 49 54 63 65 66 67 73 79 82 83 84 88 95 
4 6 9 11 12 14 16 28 39 40 46 62 66 68 70 71 74 82 88 89 90 91 
4 6 9 11 12 14 16 28 39 40 46 62 66 68 70 71 74 82 88 89 90 91 
8 13 19 21 26 28 40 48 49 52 63 79 83 85 88 90 97 100 
4 6 9 11 12 14 16 28 39 40 46 62 66 68 70 71 74 82 88 89 90 91 
18 21 28 33 39 42 45 51 53 54 56 60 61 68 72 81 85 88 95 96 
3 10 13 14 23 26 28 32 33 34 36 37 38 52 59 62 64 69 72 82 83 89 98 99 
4 5 7 9 20 22 24 29 30 32 36 37 39 41 49 50 56 58 59 66 67 69 78 83 87 89 95 98 
2 6 7 11 13 17 20 21 27 37 39 40 46 47 51 52 53 56 58 59 61 62 74 77 78 80 88 91 94 96 
18 21 28 33 39 42 45 51 53 54 56 60 61 68 72 81 85 88 95 96 
6 9 10 15 16 21 28 30 36 40 47 49 54 63 65 66 67 73 79 82 83 84 88 95 
3 11 13 17 23 24 26 28 30 32 38 39 46 47 50 51 52 53 58 64 73 75 83 86 93 95 96 
3 11 13 17 23 24 26 28 30 32 38 39 46 47 50 51 52 53 58 64 73 75 83 86 93 95 96 
13 19 21 26 28 33 40 48 49 52 63 79 83 85 88 90 95 97 100 
6 9 10 15 16 21 28 30 36 40 47 49 54 63 65 66 67 73 79 82 83 84 88 95 
2 6 7 11 13 17 20 21 27 37 39 40 46 47 51 52 53 56 58 59 61 62 74 77 78 80 88 91 94 96 
2 6 7 11 13 17 20 21 27 37 39 40 46 47 51 52 53 56 58 59 61 62 74 77 78 80 88 91 94 96 
6 9 10 15 16 21 28 30 36 40 47 49 54 63 65 66 67 73 79 82 83 84 88 95 
3 10 13 14 23 26 28 32 33 34 36 37 38 42 52 59 62 64 69 72 82 83 89 98 99 
3 11 13 17 23 24 26 28 30 32 38 39 46 47 50 51 52 53 58 64 73 75 79 83 86 87 93 95 96 
3 5 6 9 15 16 18 40 46 47 50 51 55 58 59 60 61 75 76 78 79 85 100 
3 5 6 9 15 16 18 40 46 47 50 51 55 58 59 60 61 75 76 78 79 85 100 
2 6 7 11 13 17 20 21 27 37 39 40 46 47 51 52 53 56 58 59 61 62 74 77 78 80 88 91 94 96 
1 6 13 19 21 26 28 33 40 48 49 52 63 70 79 83 85 88 90 95 97 100 
1 6 13 19 21 26 28 33 40 48 49 52 63 70 79 83 85 88 90 95 97 100 
18 21 28 33 39 42 45 51 53 54 56 60 61 68 72 81 85 88 95 96 
3 6 9 17 22 23 27 34 38 41 47 48 52 53 55 56 61 67 68 78 82 85 88 89 91 92 98 
3 5 6 9 15 16 18 40 46 47 50 51 55 58 59 60 61 75 76 78 79 81 85 100 
6 9 10 15 16 21 28 30 36 47 49 54 63 65 66 67 73 75 79 82 83 84 88 95 
3 6 9 17 22 23 27 34 38 41 47 48 52 53 55 56 61 67 68 78 82 85 88 89 91 92 98 
2 6 7 11 13 15 17 21 27 36 37 39 40 46 47 51 52 53 56 58 59 61 62 74 77 78 80 88 91 94 96 
6 9 10 15 16 21 28 30 36 47 49 54 63 65 66 67 73 75 79 82 83 84 88 95 
4 5 7 9 16 20 22 24 29 30 32 36 37 39 41 49 50 56 58 59 66 67 69 78 83 87 89 95 98 
2 6 7 11 13 15 17 21 27 36 37 39 40 46 47 51 52 53 56 58 59 61 62 74 77 78 80 88 91 94 96 
1 6 13 19 21 26 28 33 40 48 49 52 63 70 79 83 88 90 95 97 100 
3 10 13 14 23 26 28 32 33 34 36 37 38 42 52 59 62 64 69 72 82 83 89 98 99 
4 5 7 9 16 20 22 24 29 30 32 36 37 39 41 49 50 56 58 59 66 67 69 78 83 87 89 95 98 
3 5 6 9 15 16 18 40 46 47 50 51 55 58 59 60 61 75 76 78 79 81 85 100 
17 18 21 28 33 39 42 45 51 53 54 56 60 61 68 72 81 85 88 95 96 
3 5 6 9 15 16 18 40 46 47 50 51 55 58 59 60 61 75 76 78 79 81 85 100 
3 5 6 9 15 16 18 40 46 47 50 51 55 58 59 60 61 75 76 78 79 81 85 100 
2 6 7 11 13 15 17 21 27 37 39 40 46 47 51 52 53 56 58 59 61 62 74 77 78 80 88 91 94 96 
17 18 21 28 33 39 42 45 51 53 54 56 60 61 68 72 81 85 88 95 96 
4 6 9 11 12 14 16 17 28 31 36 39 40 46 58 66 70 71 74 75 82 88 89 90 91 92 
17 18 21 28 29 33 39 42 45 51 53 54 56 60 61 68 72 81 85 88 95 96 
3 5 6 9 15 16 18 40 46 47 50 51 55 58 59 60 61 75 76 78 79 81 85 100 
3 11 13 14 17 23 24 26 28 30 32 35 37 38 39 43 46 47 50 51 52 53 58 63 64 73 75 79 83 86 87 93 95 96 
6 9 15 16 21 28 30 36 47 49 54 63 65 66 67 73 75 79 82 83 84 88 95 96 
4 6 9 11 12 14 16 17 28 31 36 39 40 42 46 58 66 70 71 74 75 82 88 89 90 91 92 
3 8 10 11 13 14 17 23 24 26 28 30 32 35 37 38 39 43 46 47 50 51 52 53 58 63 64 73 75 79 83 86 87 89 93 95 96 
3 13 23 28 32 33 34 36 37 42 47 52 62 64 69 72 82 83 89 98 
3 6 9 17 22 23 27 34 38 41 45 47 48 49 52 53 55 56 61 67 68 78 82 85 88 89 91 92 98 
3 13 23 28 32 33 34 36 37 42 47 52 62 64 69 72 82 83 89 98 
3 13 23 28 32 33 34 36 37 42 47 52 62 64 69 72 82 83 89 98 
4 5 7 9 16 20 22 24 29 30 31 32 36 37 39 41 49 50 56 58 59 61 66 67 69 78 83 87 89 95 98 
3 8 10 11 13 14 17 23 24 26 28 30 35 37 38 39 43 46 47 50 51 52 53 58 63 64 73 75 79 83 86 87 89 93 95 96 
2 6 7 11 13 15 17 21 27 37 39 40 45 46 47 51 52 53 56 58 59 61 62 74 75 77 78 80 88 91 94 96 
2 3 5 6 9 15 16 18 40 46 47 50 51 55 58 59 60 61 75 76 78 79 81 85 94 100 
3 8 10 11 13 14 17 23 24 26 28 30 35 37 38 39 43 46 47 50 51 52 53 58 63 64 73 75 79 83 86 87 89 93 95 96 
6 9 15 16 21 28 30 36 47 49 54 63 65 66 67 73 75 79 82 83 84 88 95 96 
2 6 7 11 13 15 17 21 27 37 39 40 45 46 47 51 52 53 56 58 59 61 62 74 75 77 78 80 88 91 94 96 
4 6 9 11 12 14 16 17 28 31 36 39 40 42 46 58 66 70 71 74 75 82 88 89 90 91 92 
17 18 21 28 29 33 36 39 42 45 51 53 54 56 60 61 68 72 81 88 95 96 
4 5 7 9 16 20 22 24 29 30 31 32 36 37 39 41 49 50 56 58 59 61 66 67 69 78 83 87 89 95 98 
2 6 7 11 13 15 17 21 27 37 39 40 45 46 47 51 52 53 56 58 59 61 62 74 75 77 78 80 88 91 94 96 
3 6 9 17 22 23 27 34 38 41 45 47 48 49 52 53 55 56 61 67 68 78 82 85 88 89 91 92 98 
2 6 7 11 13 15 17 21 27 37 39 40 45 46 47 51 52 53 56 58 59 61 62 74 75 77 78 80 88 91 94 96 
4 6 9 11 12 14 16 17 28 31 36 39 40 42 46 58 66 70 71 74 75 82 83 88 89 90 91 92 
4 6 9 11 12 14 16 17 28 31 36 39 40 42 46 58 66 70 71 74 75 82 83 88 89 90 91 92 
3 8 10 11 13 14 17 23 24 26 28 30 35 37 38 39 43 46 47 50 51 52 53 58 63 64 73 75 77 79 83 86 87 89 93 95 96 
4 6 8 9 11 12 14 16 17 28 31 36 39 40 42 46 53 58 66 70 71 74 75 82 83 88 89 90 91 92 
3 6 9 10 14 17 22 23 27 38 41 45 47 48 49 52 53 55 56 61 67 68 78 82 85 88 89 91 92 98 
4 5 7 9 16 20 22 24 29 30 31 32 36 37 39 41 49 50 56 58 59 61 66 67 78 81 83 87 89 95 98 
17 18 21 28 29 33 36 39 42 44 45 51 53 54 56 60 61 68 72 81 88 95 96 
17 18 21 28 29 33 36 39 42 44 45 51 53 54 56 60 61 68 72 81 88 95 96 
4 5 7 9 16 20 22 24 29 30 31 32 36 37 39 41 49 50 56 58 59 61 66 67 78 81 83 87 89 95 98 
6 9 15 16 21 28 30 36 47 49 54 62 63 65 66 67 73 75 79 82 83 84 85 88 95 96 98 
1 6 13 19 21 26 28 33 40 48 49 52 63 70 79 83 88 90 95 97 100 
6 9 15 16 21 28 30 36 47 49 54 62 63 65 66 67 73 75 79 82 83 84 85 88 95 96 98 
2 3 5 6 9 15 16 18 22 24 40 46 47 50 51 55 58 59 60 61 75 76 78 79 81 85 94 100 
6 9 15 16 21 28 30 36 47 49 54 62 63 65 66 67 73 75 79 82 83 84 85 88 95 96 98 
3 8 10 11 13 14 17 23 24 26 28 30 35 37 38 39 43 46 47 50 51 52 53 58 63 64 73 75 77 79 83 86 87 89 93 95 96 
4 5 7 9 16 20 22 24 29 30 31 32 36 37 39 41 49 50 56 58 59 61 66 67 78 81 83 87 89 95 98 
17 18 21 28 29 33 36 39 42 44 45 51 53 54 56 60 61 68 72 81 88 95 96 
6 9 15 16 21 28 30 36 47 49 54 62 63 65 66 67 73 75 79 82 83 84 85 88 95 96 98 
4 5 7 9 16 20 22 24 29 30 31 32 36 37 39 41 49 50 56 58 59 61 66 67 78 81 83 87 89 95 98 
3 12 13 23 26 28 32 33 34 36 37 42 47 52 54 62 64 67 69 72 82 83 89 91 98 
1 6 13 19 21 26 28 33 40 48 49 52 63 70 79 83 88 90 95 97 100 
4 6 8 9 11 12 14 16 17 23 25 28 31 36 39 40 42 46 53 58 66 70 74 75 82 83 88 89 90 91 92 
14 17 18 21 28 29 33 36 39 42 44 45 51 53 54 56 60 61 68 72 81 88 95 96 
3 12 13 23 26 28 32 33 34 36 37 42 47 52 54 62 64 67 69 72 82 83 89 91 98 
1 6 13 19 21 26 28 33 40 48 49 52 63 70 79 83 88 90 95 97 100 
3 8 10 11 13 14 17 23 24 26 28 30 35 37 38 39 43 46 47 50 51 52 53 58 63 64 73 75 77 79 83 86 87 89 93 94 95 96 
2 3 5 6 9 15 16 18 22 24 40 46 47 50 51 55 58 59 60 61 75 76 78 79 81 85 94 100 
3 12 13 23 26 28 32 33 34 36 37 42 47 52 54 62 64 67 69 72 82 83 89 91 98 
3 8 10 11 13 14 17 23 24 26 28 30 35 37 38 39 43 46 47 50 51 52 53 58 63 64 73 75 77 79 83 86 87 89 93 94 95 96 
4 6 8 9 11 12 14 16 17 23 25 28 31 36 39 40 42 46 53 58 66 70 74 75 82 83 88 89 90 91 92 
1 6 13 19 21 26 28 33 40 48 49 52 63 66 70 79 83 88 90 95 97 100 
3 6 9 10 14 17 22 23 27 28 34 37 38 45 47 48 49 52 53 55 56 61 67 68 76 78 82 84 85 88 89 91 92 98 
6 9 14 15 16 21 23 28 30 36 47 49 54 62 63 65 66 67 73 75 79 82 83 84 85 87 88 95 96 98 
14 17 18 21 28 29 33 36 39 42 44 45 51 53 54 56 60 61 68 72 81 88 95 96 
4 6 8 9 11 12 14 16 17 23 25 28 31 36 39 40 42 46 53 58 66 70 74 75 82 83 88 89 90 91 92 
4 6 8 9 11 12 14 16 17 23 25 28 31 36 39 40 42 46 53 58 66 70 74 75 82 83 88 89 90 91 92 
2 5 6 9 15 16 18 22 24 40 46 47 50 51 55 58 59 60 61 75 76 78 79 81 85 94 100 
1 6 13 19 21 26 28 33 40 48 49 52 63 66 70 79 83 88 90 95 97 100 
3 12 13 23 26 28 32 33 34 36 37 42 47 52 54 62 64 67 69 72 82 83 89 91 98 
1 6 13 19 21 26 28 33 40 48 49 52 63 66 70 79 83 88 90 97 100 
6 9 14 15 16 21 23 28 30 36 47 49 54 62 63 65 66 67 73 75 79 82 83 84 85 87 88 92 95 96 98 
3 8 10 11 13 14 17 23 24 26 28 30 35 37 38 39 43 46 47 50 51 52 53 58 63 64 73 75 77 79 85 86 87 89 93 94 95 96 
3 8 10 11 13 14 17 23 24 26 28 30 35 37 38 39 43 46 47 50 51 52 53 58 63 64 73 75 77 79 85 86 87 89 93 94 95 96 
2 6 7 11 13 15 17 21 37 39 40 45 46 47 51 52 53 56 58 59 61 62 74 75 77 78 80 83 88 91 94 96 99 
6 9 14 15 16 21 23 28 30 36 47 49 54 62 63 65 66 67 73 75 79 82 83 84 85 87 88 92 95 96 98 
1 6 13 19 21 26 28 33 40 48 49 52 63 66 70 79 83 88 90 97 100 
4 5 7 9 16 20 22 24 29 30 31 32 37 39 41 46 49 50 56 58 59 61 66 67 77 81 83 87 89 95 98 
1 6 13 19 21 26 28 33 40 48 49 52 63 66 70 79 83 88 90 97 100 
6 9 14 15 16 21 23 28 30 36 47 49 54 62 63 65 66 67 73 75 79 82 83 84 85 87 88 92 95 96 98 
3 10 11 13 14 17 23 24 26 28 30 35 37 38 39 43 46 47 50 51 52 53 58 63 64 73 75 77 79 85 86 87 89 93 94 95 96 
6 9 14 15 16 21 23 28 30 36 47 49 54 62 63 65 66 67 73 75 79 82 83 84 85 87 88 92 95 96 98 
6 9 14 15 16 21 23 28 30 36 47 49 54 62 63 65 66 67 73 75 79 82 83 84 85 87 88 92 95 96 98 
4 5 7 9 16 20 22 24 29 30 31 32 37 39 41 46 49 50 56 58 59 61 66 67 77 81 83 87 89 95 98 
6 9 14 15 16 21 23 28 30 36 47 49 54 62 63 65 66 67 73 75 79 82 83 84 85 87 88 92 95 96 98 
3 12 23 26 28 32 33 34 36 37 42 47 52 54 62 64 67 69 72 82 83 89 91 93 98 
2 5 6 9 15 16 18 19 22 24 40 46 47 50 51 55 58 59 60 61 75 76 78 79 81 94 100 
4 6 8 9 11 12 14 16 17 23 25 31 36 39 40 42 46 48 53 58 61 66 70 74 75 81 82 83 88 89 90 91 92 
4 6 8 9 11 12 14 16 17 23 25 31 36 39 40 42 46 48 53 58 61 66 70 74 75 81 82 83 88 89 90 91 92 
3 6 9 10 14 17 22 23 27 28 34 37 38 45 47 48 49 52 53 56 61 67 68 72 74 76 78 82 84 85 88 89 91 92 98 99 
3 6 9 10 14 17 22 23 27 28 34 37 38 45 47 48 49 52 53 56 61 67 68 72 74 76 78 82 84 85 88 89 91 92 98 99 
4 5 7 9 16 20 22 24 29 30 31 32 37 38 39 41 46 49 50 56 58 59 61 66 67 70 77 81 83 87 89 95 98 
4 6 8 9 11 12 14 16 17 23 25 31 36 39 40 42 46 48 53 58 61 66 70 74 75 81 82 83 88 89 90 91 92 
4 6 8 9 11 12 14 16 17 23 25 31 36 39 40 42 46 48 53 58 61 66 70 74 75 81 82 83 88 89 90 91 92 
4 5 7 9 16 20 22 24 29 30 31 32 37 38 39 41 46 49 50 56 58 59 61 66 67 70 74 77 81 83 87 89 95 98 
14 17 18 19 21 28 29 33 36 39 42 44 49 51 53 54 56 60 61 68 72 81 88 95 96 
4 5 7 9 16 18 20 22 24 29 30 31 32 37 38 39 41 46 49 50 56 58 59 61 66 67 70 74 77 81 83 87 89 95 98 
3 12 23 26 28 32 33 34 36 37 42 47 52 54 62 64 69 72 82 83 89 91 93 98 
2 6 7 11 13 15 17 21 37 38 39 40 45 46 47 51 52 56 58 59 60 61 62 74 75 77 78 80 83 88 91 94 98 99 
3 10 11 13 14 17 23 24 26 28 30 35 37 38 39 43 46 47 50 51 52 53 58 63 64 73 75 77 79 85 86 87 89 90 94 95 96 
1 6 13 19 21 25 26 33 40 48 49 52 63 66 70 79 83 88 90 97 100 
14 17 18 19 21 28 29 33 36 39 44 49 51 53 54 56 60 61 68 72 81 88 95 96 
2 5 6 9 15 16 18 19 22 24 40 46 47 49 50 51 55 58 59 60 61 67 68 75 76 78 79 81 91 94 98 100 
4 6 8 9 11 12 14 16 17 23 25 31 36 39 40 42 46 48 53 58 61 66 70 74 75 81 82 83 88 89 91 92 96 
4 5 7 9 16 18 20 22 24 29 30 31 32 37 38 39 41 46 49 50 56 58 59 61 66 67 70 74 77 81 83 87 89 95 98 
1 6 13 19 21 25 26 33 40 48 49 52 63 66 70 79 83 88 90 97 100 
3 12 23 26 28 32 33 34 36 37 42 47 52 54 62 64 69 72 82 83 89 90 91 93 98 
4 5 7 9 16 18 20 22 24 29 30 31 32 37 38 39 41 46 49 50 56 58 59 61 66 67 70 74 77 81 83 87 89 94 95 98 
2 6 7 11 13 17 21 37 38 39 40 43 45 46 47 51 52 56 58 59 60 61 62 74 75 77 78 80 83 91 94 98 99 
6 8 9 11 12 14 16 17 23 25 30 31 36 39 40 42 46 48 53 58 61 66 68 70 74 75 81 82 83 88 91 92 
14 17 18 19 21 28 29 33 36 39 44 49 51 53 54 56 60 61 68 72 81 88 95 96 
6 8 9 11 12 14 16 17 23 25 30 31 36 39 40 42 46 48 53 58 61 66 68 70 74 75 81 82 83 88 91 92 
2 5 6 9 15 16 18 19 22 24 27 40 46 47 49 50 51 55 58 59 60 61 67 68 75 76 78 79 81 91 94 98 100 
2 5 6 9 15 16 18 19 22 24 27 40 46 47 49 50 51 55 58 59 60 61 67 68 75 76 78 79 81 91 94 98 100 
3 10 11 13 14 17 23 24 26 28 30 35 37 38 39 43 46 47 50 51 52 58 63 64 71 73 75 77 79 86 87 89 90 94 95 96 
2 6 7 11 13 17 21 37 38 39 40 43 45 46 47 51 52 56 58 59 60 61 62 74 75 77 78 80 83 91 94 98 99 
6 8 9 11 12 14 16 17 23 25 30 31 36 39 40 42 46 48 52 53 58 61 66 68 70 74 75 81 82 83 88 91 92 
3 9 10 11 13 14 17 23 24 26 28 30 35 37 38 39 43 46 47 51 52 58 63 64 71 73 75 77 79 86 87 89 90 94 95 96 
2 5 6 9 15 16 18 19 22 24 27 40 46 47 49 50 51 55 58 59 60 61 67 68 75 76 78 79 81 91 94 98 100 
4 5 7 9 16 18 20 22 24 29 30 31 32 37 38 39 41 46 49 50 56 58 59 61 66 67 70 74 77 81 83 87 89 94 95 98 
6 9 14 15 16 21 23 26 28 30 36 47 48 49 54 62 63 65 66 67 73 75 79 82 83 84 85 87 88 92 95 96 98 
3 6 9 10 14 17 22 23 27 28 34 37 38 45 47 48 49 52 53 56 61 67 68 72 74 76 78 82 84 85 88 89 91 92 93 98 99 
3 6 9 10 14 17 22 23 27 28 34 37 38 45 47 48 49 52 53 56 61 67 68 72 74 76 78 82 84 85 88 89 91 92 93 98 99 
6 8 9 11 12 14 16 17 23 25 30 31 36 39 40 42 46 48 52 53 58 61 66 68 70 74 75 81 82 83 88 91 92 
14 17 18 19 21 28 29 33 36 39 44 49 51 53 54 56 60 61 68 72 81 88 95 96 100 
